100 1000
25 59
24 80
88 25
68 13
44 78
83 19
90 76
84 62
32 89
71 35
7 98
26 85
31 83
34 49
22 17
72 14
65 74
88 73
93 49
17 11
79 27
14 50
8 27
35 96
62 91
22 9
49 60
79 71
47 86
81 61
89 34
6 93
68 79
42 32
17 37
73 90
29 97
77 91
5 27
5 68
95 38
100 12
3 20
47 67
23 23
3 34
100 57
72 93
59 96
40 64
88 3
32 82
30 24
39 61
90 36
98 56
79 46
86 80
88 16
82 60
22 52
24 53
58 73
32 86
13 3
18 97
23 10
35 72
39 60
48 37
25 67
38 26
83 16
3 66
81 38
84 62
57 55
85 49
47 14
68 61
54 56
62 11
85 7
41 59
23 78
68 5
52 74
30 22
90 95
99 4
1 57
5 98
54 60
45 34
4 100
12 53
90 29
42 98
91 89
94 95
70 29
83 75
34 39
61 74
64 83
2 85
55 97
46 43
95 9
8 44
79 100
74 86
82 12
45 3
67 71
18 80
21 85
58 2
80 54
3 96
57 64
89 6
2 63
90 89
75 68
66 24
42 97
52 28
69 16
39 53
67 52
58 31
26 98
76 94
48 25
45 83
1 71
55 89
11 78
73 12
7 80
60 9
13 27
93 72
43 29
12 60
18 77
5 15
91 41
69 8
20 50
25 83
81 51
44 100
40 46
12 36
85 41
13 43
58 6
93 84
12 60
1 85
68 44
3 48
4 64
18 15
51 36
33 56
96 72
52 97
96 91
74 38
91 95
33 62
63 39
1 23
69 67
57 71
18 68
8 66
99 74
90 7
90 11
73 51
30 50
24 12
67 18
11 9
84 39
76 79
31 9
12 90
21 25
84 77
79 45
1 86
2 56
33 56
59 84
99 63
16 18
87 31
93 81
55 93
12 84
19 25
46 16
6 42
60 55
3 86
51 55
37 7
80 47
79 86
4 81
85 72
69 23
53 92
31 23
94 47
4 26
49 16
13 48
47 16
94 2
81 87
14 31
28 45
21 100
45 38
20 80
86 43
25 1
82 46
20 29
93 14
71 10
74 85
46 70
48 67
16 23
74 94
1 20
98 5
97 54
29 35
15 72
38 50
64 32
55 62
16 72
3 18
77 30
87 78
51 37
8 100
33 57
82 66
90 50
24 65
61 62
45 50
50 70
97 95
22 85
63 26
91 77
60 3
34 32
58 61
12 13
3 1
69 64
93 47
15 6
33 31
84 58
29 5
4 65
4 89
48 7
54 8
2 47
81 93
71 80
81 49
31 86
33 44
68 85
12 34
24 14
33 82
54 32
59 42
1 33
78 61
41 98
20 27
56 7
33 65
67 48
95 75
26 57
79 48
19 43
22 69
79 24
16 23
76 87
37 84
53 34
59 58
54 75
42 52
9 59
100 10
18 70
57 85
100 9
67 53
33 46
27 46
30 99
59 100
100 44
78 71
53 80
36 76
17 68
78 1
66 61
18 4
36 53
41 45
37 46
15 12
66 18
16 77
8 88
21 83
68 37
46 60
80 28
11 27
80 63
43 12
17 52
36 72
50 29
73 39
42 84
51 64
94 36
87 56
25 53
46 55
100 56
58 90
58 57
10 75
46 59
62 36
68 20
56 57
6 74
56 61
97 92
53 29
42 54
98 93
50 76
90 17
30 36
45 17
99 59
68 1
95 5
48 10
10 6
28 83
66 53
19 97
72 89
23 79
17 50
16 83
94 21
34 51
16 65
91 17
96 43
42 32
28 31
62 52
48 29
56 26
46 9
64 42
86 43
36 3
79 80
30 70
89 34
65 59
61 80
60 78
28 4
70 16
95 23
83 32
37 65
54 79
36 70
85 12
8 70
93 72
36 18
7 14
83 13
63 92
17 100
68 41
19 50
74 81
30 80
4 69
52 66
24 16
18 17
89 7
89 75
4 38
45 90
67 60
41 73
52 83
24 97
48 29
81 41
26 76
17 51
71 31
48 41
85 31
55 76
65 40
65 72
35 9
49 35
14 3
9 10
77 14
3 55
47 83
75 21
80 28
86 2
78 7
98 44
37 32
60 61
56 10
88 68
97 38
72 45
100 19
21 4
61 55
89 15
34 57
44 51
42 85
23 15
36 64
92 13
65 9
59 100
49 33
58 76
22 95
23 29
30 5
57 88
48 89
38 28
87 61
48 38
67 76
27 57
42 54
69 40
67 40
66 71
87 73
64 66
91 38
92 41
55 68
47 9
30 17
87 98
8 82
31 10
27 79
14 45
38 81
85 95
65 84
12 36
27 79
73 56
99 3
89 28
79 72
41 95
52 53
90 45
44 96
86 12
78 92
53 9
86 30
80 100
91 81
73 74
11 82
69 49
26 44
5 43
55 25
2 62
37 67
17 6
95 92
92 67
57 63
91 35
33 4
11 30
63 92
14 81
26 30
57 94
36 67
17 95
53 23
78 75
29 10
91 68
78 77
73 87
19 18
96 55
4 55
49 37
15 91
46 33
48 23
52 29
78 91
79 9
59 11
34 13
20 47
81 35
88 7
41 64
4 39
84 15
45 19
50 30
98 36
65 27
1 42
26 68
78 25
69 92
77 16
17 40
87 96
74 27
77 22
25 42
33 89
23 85
18 49
22 96
80 39
83 10
58 18
95 50
18 19
10 68
57 14
59 5
89 91
42 81
9 46
32 14
76 12
62 79
34 48
22 7
46 90
65 6
78 67
63 56
30 79
47 14
73 34
8 70
34 83
5 83
100 52
90 23
91 40
68 64
53 100
53 87
94 31
86 32
33 54
15 24
92 28
34 85
8 86
29 49
50 5
67 71
83 31
11 29
49 86
89 89
56 9
7 41
46 53
78 46
47 25
86 4
34 2
49 89
34 64
1 41
46 39
17 65
73 88
20 9
39 45
62 88
2 28
89 92
34 68
53 62
29 82
60 99
71 90
15 86
3 48
24 59
13 55
90 35
2 81
28 22
63 29
34 76
3 24
89 44
8 65
72 76
2 4
42 58
100 31
9 81
84 96
10 2
95 36
42 35
87 16
63 44
47 71
5 85
19 85
13 53
70 54
49 30
38 92
82 83
31 9
53 32
32 54
59 13
84 83
78 36
91 84
33 3
95 81
59 31
99 47
16 91
39 29
47 90
97 24
82 60
98 100
25 49
15 49
20 27
57 78
48 23
98 57
35 7
93 57
96 83
66 27
75 83
47 62
43 31
52 2
62 92
80 89
48 56
54 25
88 89
5 23
26 34
72 60
76 85
15 10
33 88
68 64
40 32
47 47
66 49
26 73
56 60
73 15
99 91
84 42
80 65
72 1
99 55
98 32
52 12
16 5
69 78
65 74
89 63
37 94
65 24
27 2
50 1
58 66
100 16
93 13
58 66
50 13
72 57
38 29
39 80
100 21
21 37
2 61
10 78
71 26
99 17
12 4
79 32
98 78
61 2
49 97
72 92
16 9
64 28
78 59
98 2
91 54
23 98
42 78
41 35
17 19
49 7
55 42
27 24
73 75
74 41
40 38
85 23
61 23
79 37
14 78
71 1
26 84
57 44
93 27
40 5
89 66
77 90
46 35
67 26
47 62
13 10
67 33
45 56
29 38
5 71
96 27
21 88
92 39
90 39
19 27
46 12
25 10
61 43
60 12
45 40
1 90
4 95
53 57
85 38
44 23
14 66
90 61
89 58
97 68
6 35
97 15
47 61
8 7
32 28
22 23
35 84
29 68
53 42
98 38
84 1
19 60
59 10
11 89
5 52
62 66
38 97
21 9
51 7
38 1
2 91
34 31
21 93
13 14
87 7
23 20
42 58
77 51
43 8
23 65
43 64
57 45
100 40
6 11
15 90
100 16
32 60
26 52
69 52
85 34
47 96
30 31
71 39
94 12
22 11
79 31
66 37
40 69
30 32
9 75
10 98
28 97
69 81
69 86
1 95
55 83
59 35
41 16
3 58
30 77
33 23
74 10
15 31
14 51
8 21
44 37
92 72
8 67
9 16
20 46
84 76
21 97
61 99
24 34
87 14
62 96
62 32
92 42
51 23
68 54
68 40
5 47
69 30
40 2
96 76
53 63
70 26
98 33
16 12
65 97
54 88
81 3
15 75
97 84
87 71
40 90
28 40
2 11
62 82
74 95
95 89
94 21
27 34
15 94
97 47
2 66
85 74
63 17
79 39
74 75
14 53
20 24
19 85
67 80
46 16
12 53
17 35
15 84
76 98
50 36
94 31
54 51
42 22
68 35
91 92
85 39
77 97
80 66
25 92
6 23
41 70
5 36
90 43
6 1
84 4
37 95
18 36
57 14
43 64
73 43
38 90
16 16
2 9
6 82
47 59
85 58
56 34
85 20
62 24
9 3
3 55
87 96
25 54
63 67
19 10
37 75
91 70
63 62
67 51
4 84
99 72
47 91
77 79
41 29
94 6
46 38
70 100
64 6
91 93
45 100
82 26
100 14
73 82
76 18
31 34
65 66
